"verse","reference","tree_raw"
"1","Nehemiah 6:1","{'name': 'PASUK', 'text': 'S', 'children': [{'name': 'ETNACHTA', 'text': 'S', 'probability': 1.0, 'children': [{'name': 'ZAKEF_KATON', 'text': 'S', 'probability': 0.9101, 'children': [{'name': 'REVIA', 'text': 'S', 'probability': 0.851, 'children': [{'name': 'TELISHA_GEDOLA', 'text': 'C', 'probability': 0.175, 'children': [{'name': 'וַ', 'phrase': ['conj']}]}, {'name': 'REVIA', 'text': 'S', 'children': [{'name': 'GERESH', 'text': 'VP', 'probability': 0.3812, 'children': [{'name': 'יְהִ֣י', 'phrase': ['verb']}, {'name': 'כַ', 'phrase': ['prep']}]}, {'name': 'REVIA', 'text': 'VP', 'children': [{'name': 'אֲשֶׁ֣ר', 'phrase': ['conj']}, {'name': 'נִשְׁמַ֣ע', 'phrase': ['verb']}]}]}]}, {'name': 'ZAKEF_KATON', 'text': 'NP', 'children': [{'name': 'PASHTA', 'text': 'NP', 'probability': 0.873, 'children': [{'name': 'לְ', 'phrase': ['prep']}, {'name': 'סַנְבַלַּ֣ט', 'phrase': ['nmpr']}]}, {'name': 'ZAKEF_KATON', 'text': 'NP', 'children': [{'name': 'וְ֠', 'phrase': ['conj']}, {'name': 'טֹובִיָּה', 'phrase': ['nmpr']}]}]}]}, {'name': 'ETNACHTA', 'text': 'NP', 'children': [{'name': 'TIPCHA', 'text': 'P', 'probability': 0.5355, 'children': [{'name': 'וּ', 'phrase': ['conj']}, {'name': 'לְ', 'phrase': ['prep']}]}, {'name': 'ETNACHTA', 'text': 'N', 'children': [{'name': 'גֶ֨שֶׁם', 'phrase': ['nmpr']}]}]}]}, {'name': 'SILLUQ', 'text': 'S', 'children': [{'name': 'ZAKEF_KATON', 'text': 'S', 'probability': 0.9123, 'children': [{'name': 'YETIV', 'text': 'D', 'probability': 0.0761, 'children': [{'name': 'הָֽ', 'phrase': ['art']}]}, {'name': 'ZAKEF_KATON', 'text': 'NP', 'children': [{'name': 'עַרְבִ֜י', 'phrase': ['adjv']}, {'name': 'וּ', 'phrase': ['conj']}]}]}, {'name': 'SILLUQ', 'text': 'VP', 'children': [{'name': 'TIPCHA', 'text': 'P', 'probability': 0.7748, 'children': [{'name': 'לְ', 'phrase': ['prep']}]}, {'name': 'SILLUQ', 'text': 'VP', 'children': [{'name': 'יֶ֣תֶר', 'phrase': ['subs']}, {'name': 'אֹֽיְבֵ֗ינוּ', 'phrase': ['verb']}]}]}]}]}"
"2","Nehemiah 6:2","{'name': 'PASUK', 'text': 'S', 'children': [{'name': 'ETNACHTA', 'text': 'S', 'probability': 1.0, 'children': [{'name': 'ZAKEF_KATON', 'text': 'S', 'probability': 0.8651, 'children': [{'name': 'PASHTA', 'text': 'VP', 'probability': 0.873, 'children': [{'name': 'וַ', 'phrase': ['conj']}, {'name': 'יִּשְׁלַ֨ח', 'phrase': ['verb']}, {'name': 'סַנְבַלַּ֤ט', 'phrase': ['nmpr']}]}, {'name': 'ZAKEF_KATON', 'text': 'NP', 'children': [{'name': 'וְ', 'phrase': ['conj']}, {'name': 'גֶ֨שֶׁם֙', 'phrase': ['nmpr']}]}]}, {'name': 'ETNACHTA', 'text': 'S', 'children': [{'name': 'TIPCHA', 'text': 'VP', 'probability': 0.7271, 'children': [{'name': 'TEVIR', 'text': 'VP', 'probability': 0.1278, 'children': [{'name': 'GERSHAYIM', 'text': 'P', 'probability': 0.1355, 'children': [{'name': 'אֵלַ֣י', 'phrase': ['prep']}]}, {'name': 'TEVIR', 'text': 'VP', 'children': [{'name': 'לֵ', 'phrase': ['prep']}, {'name': 'אמֹ֔ר', 'phrase': ['verb']}]}]}, {'name': 'TIPCHA', 'text': 'V', 'children': [{'name': 'לְכָ֞ה', 'phrase': ['verb']}]}]}, {'name': 'ETNACHTA', 'text': 'VP', 'children': [{'name': 'וְ', 'phrase': ['conj']}, {'name': 'נִֽוָּעֲדָ֥ה', 'phrase': ['verb']}]}]}]}, {'name': 'SILLUQ', 'text': 'S', 'children': [{'name': 'ZAKEF_KATON', 'text': 'S', 'probability': 0.9123, 'children': [{'name': 'PASHTA', 'text': 'Adv', 'probability': 0.873, 'children': [{'name': 'יַחְדָּ֛ו', 'phrase': ['advb']}]}, {'name': 'ZAKEF_KATON', 'text': 'S', 'children': [{'name': 'PASHTA', 'text': 'P', 'probability': 0.3484, 'children': [{'name': 'בַּ', 'phrase': ['prep']}]}, {'name': 'ZAKEF_KATON', 'text': 'D', 'children': [{'name': '-', 'phrase': ['art']}]}]}]}, {'name': 'SILLUQ', 'text': 'NP', 'children': [{'name': 'TIPCHA', 'text': 'NP', 'probability': 0.5132, 'children': [{'name': 'כְּפִירִ֖ים', 'phrase': ['nmpr']}, {'name': 'בְּ', 'phrase': ['prep']}]}, {'name': 'SILLUQ', 'text': 'N', 'children': [{'name': 'בִקְעַ֣ת', 'phrase': ['subs']}]}]}]}]}"
"3","Nehemiah 6:3","{'name': 'PASUK', 'text': 'S', 'children': [{'name': 'ETNACHTA', 'text': 'S', 'probability': 1.0, 'children': [{'name': 'ZAKEF_KATON', 'text': 'VP', 'probability': 0.6728, 'children': [{'name': 'PASHTA', 'text': 'VP', 'probability': 0.3484, 'children': [{'name': 'וָ', 'phrase': ['conj']}, {'name': 'אֶשְׁלְחָ֨ה', 'phrase': ['verb']}, {'name': 'עֲלֵיהֶ֤ם', 'phrase': ['prep']}]}, {'name': 'ZAKEF_KATON', 'text': 'N', 'children': [{'name': 'מַלְאָכִים֙', 'phrase': ['subs']}]}]}, {'name': 'ETNACHTA', 'text': 'S', 'children': [{'name': 'ZAKEF_KATON', 'text': 'S', 'probability': 0.9101, 'children': [{'name': 'PASHTA', 'text': 'VP', 'probability': 0.873, 'children': [{'name': 'לֵ', 'phrase': ['prep']}, {'name': 'אמֹ֔ר', 'phrase': ['verb']}]}, {'name': 'ZAKEF_KATON', 'text': 'NP', 'children': [{'name': 'מְלָאכָ֤ה', 'phrase': ['subs']}, {'name': 'גְדֹולָה֙', 'phrase': ['adjv']}]}]}, {'name': 'ETNACHTA', 'text': 'VP', 'children': [{'name': 'TIPCHA', 'text': 'VP', 'probability': 0.5355, 'children': [{'name': 'אֲנִ֣י', 'phrase': ['prps']}, {'name': 'עֹשֶׂ֔ה', 'phrase': ['verb']}]}, {'name': 'ETNACHTA', 'text': 'C', 'children': [{'name': 'וְ', 'phrase': ['conj']}]}]}]}]}, {'name': 'SILLUQ', 'text': 'S', 'children': [{'name': 'ZAKEF_KATON', 'text': 'S', 'probability': 0.2173, 'children': [{'name': 'PASHTA', 'text': 'VP', 'probability': 0.873, 'children': [{'name': 'לֹ֥א', 'phrase': ['nega']}, {'name': 'אוּכַ֖ל', 'phrase': ['verb']}, {'name': 'לָ', 'phrase': ['prep']}]}, {'name': 'ZAKEF_KATON', 'text': 'VP', 'children': [{'name': 'רֶ֑דֶת', 'phrase': ['verb']}, {'name': 'לָ֣מָּה', 'phrase': ['inrg']}]}]}, {'name': 'SILLUQ', 'text': 'VP', 'children': [{'name': 'TIPCHA', 'text': 'V', 'probability': 0.5132, 'children': [{'name': 'תִשְׁבַּ֤ת', 'phrase': ['verb']}]}, {'name': 'SILLUQ', 'text': 'D', 'children': [{'name': 'הַ', 'phrase': ['art']}]}]}]}]}"
"4","Nehemiah 6:4","{'name': 'PASUK', 'text': 'S', 'children': [{'name': 'ETNACHTA', 'text': 'S', 'probability': 1.0, 'children': [{'name': 'TIPCHA', 'text': 'S', 'probability': 0.7271, 'children': [{'name': 'TEVIR', 'text': 'VP', 'probability': 0.9467, 'children': [{'name': 'וַ', 'phrase': ['conj']}, {'name': 'יִּשְׁלְח֥וּ', 'phrase': ['verb']}]}, {'name': 'TIPCHA', 'text': 'S', 'children': [{'name': 'אֵלַ֛י', 'phrase': ['prep']}, {'name': 'כַּ', 'phrase': ['prep']}]}]}, {'name': 'ETNACHTA', 'text': 'NP', 'children': [{'name': '-', 'phrase': ['art']}, {'name': 'דָּבָ֥ר', 'phrase': ['subs']}]}]}, {'name': 'SILLUQ', 'text': 'NP', 'children': [{'name': 'TIPCHA', 'text': 'NP', 'probability': 0.7748, 'children': [{'name': 'הַ', 'phrase': ['art']}, {'name': 'זֶּ֖ה', 'phrase': ['prde']}]}, {'name': 'SILLUQ', 'text': 'NP', 'children': [{'name': 'אַרְבַּ֣ע', 'phrase': ['subs']}, {'name': 'פְּעָמִ֑ים', 'phrase': ['subs']}]}]}]}"
"5","Nehemiah 6:5","{'name': 'PASUK', 'text': 'S', 'children': [{'name': 'ETNACHTA', 'text': 'S', 'probability': 1.0, 'children': [{'name': 'TIPCHA', 'text': 'S', 'probability': 0.5355, 'children': [{'name': 'TEVIR', 'text': 'S', 'probability': 0.9467, 'children': [{'name': 'GERESH', 'text': 'VP', 'probability': 0.1946, 'children': [{'name': 'וַ', 'phrase': ['conj']}, {'name': 'יִּשְׁלַח֩', 'phrase': ['verb']}, {'name': 'אֵלַ֨י', 'phrase': ['prep']}]}, {'name': 'TEVIR', 'text': 'NP', 'children': [{'name': 'סַנְבַלַּ֜ט', 'phrase': ['nmpr']}, {'name': 'כַּ', 'phrase': ['prep']}]}]}, {'name': 'TIPCHA', 'text': 'NP', 'children': [{'name': '-', 'phrase': ['art']}, {'name': 'דָּבָ֥ר', 'phrase': ['subs']}]}]}, {'name': 'ETNACHTA', 'text': 'D', 'children': [{'name': 'הַ', 'phrase': ['art']}]}]}, {'name': 'SILLUQ', 'text': 'NP', 'children': [{'name': 'TIPCHA', 'text': 'NP', 'probability': 0.5132, 'children': [{'name': 'זֶּ֛ה', 'phrase': ['prde']}, {'name': 'פַּ֥עַם', 'phrase': ['subs']}]}, {'name': 'SILLUQ', 'text': 'N', 'children': [{'name': 'חֲמִישִׁ֖ית', 'phrase': ['adjv']}]}]}]}"
"6","Nehemiah 6:6","{'name': 'PASUK', 'text': 'S', 'children': [{'name': 'ETNACHTA', 'text': 'S', 'probability': 1.0, 'children': [{'name': 'ZAKEF_KATON', 'text': 'S', 'probability': 0.4809, 'children': [{'name': 'REVIA', 'text': 'VP', 'probability': 0.851, 'children': [{'name': 'כָּת֣וּב', 'phrase': ['verb']}, {'name': 'בָּ֗הּ', 'phrase': ['prep']}]}, {'name': 'ZAKEF_KATON', 'text': 'S', 'children': [{'name': 'PASHTA', 'text': 'S', 'probability': 0.873, 'children': [{'name': 'בַּ', 'phrase': ['prep']}, {'name': '-', 'phrase': ['art']}]}, {'name': 'ZAKEF_KATON', 'text': 'VP', 'children': [{'name': 'גֹּויִ֤ם', 'phrase': ['subs']}, {'name': 'נִשְׁמָע֙', 'phrase': ['verb']}]}]}]}, {'name': 'ETNACHTA', 'text': 'S', 'children': [{'name': 'ZAKEF_KATON', 'text': 'S', 'probability': 0.9407, 'children': [{'name': 'PASHTA', 'text': 'NP', 'probability': 0.873, 'children': [{'name': 'וְ', 'phrase': ['conj']}, {'name': 'גַשְׁמ֣וּ', 'phrase': ['nmpr']}]}, {'name': 'ZAKEF_KATON', 'text': 'VP', 'children': [{'name': 'אֹמֵ֔ר', 'phrase': ['verb']}, {'name': 'אַתָּ֤ה', 'phrase': ['prps']}]}]}, {'name': 'ETNACHTA', 'text': 'VP', 'children': [{'name': 'TIPCHA', 'text': 'NP', 'probability': 0.5355, 'children': [{'name': 'TEVIR', 'text': 'C', 'probability': 0.9467, 'children': [{'name': 'וְ', 'phrase': ['conj']}]}, {'name': 'TIPCHA', 'text': 'NP', 'children': [{'name': 'הַ', 'phrase': ['art']}, {'name': 'יְּהוּדִים֙', 'phrase': ['adjv']}]}]}, {'name': 'ETNACHTA', 'text': 'V', 'children': [{'name': 'חֹשְׁבִ֣ים', 'phrase': ['verb']}]}]}]}]}, {'name': 'SILLUQ', 'text': 'S', 'children': [{'name': 'ZAKEF_KATON', 'text': 'VP', 'probability': 0.2173, 'children': [{'name': 'REVIA', 'text': 'P', 'probability': 0.74, 'children': [{'name': 'לִ', 'phrase': ['prep']}]}, {'name': 'ZAKEF_KATON', 'text': 'VP', 'children': [{'name': 'PASHTA', 'text': 'VP', 'probability': 0.3484, 'children': [{'name': 'מְרֹ֔וד', 'phrase': ['verb']}, {'name': 'עַל־כֵּ֛ן', 'phrase': ['prep_advb']}]}, {'name': 'ZAKEF_KATON', 'text': 'N', 'children': [{'name': 'אַתָּ֥ה', 'phrase': ['prps']}]}]}]}, {'name': 'SILLUQ', 'text': 'VP', 'children': [{'name': 'TIPCHA', 'text': 'V', 'probability': 0.5132, 'children': [{'name': 'בֹונֶ֖ה', 'phrase': ['verb']}]}, {'name': 'SILLUQ', 'text': 'D', 'children': [{'name': 'הַ', 'phrase': ['art']}]}]}]}]}"
"7","Nehemiah 6:7","{'name': 'PASUK', 'text': 'S', 'children': [{'name': 'ETNACHTA', 'text': 'S', 'probability': 1.0, 'children': [{'name': 'ZAKEF_KATON', 'text': 'S', 'probability': 0.9544, 'children': [{'name': 'REVIA', 'text': 'VP', 'probability': 0.0509, 'children': [{'name': 'PAZER', 'text': 'C', 'probability': 0.9569, 'children': [{'name': 'וְ', 'phrase': ['conj']}]}, {'name': 'REVIA', 'text': 'VP', 'children': [{'name': 'GERESH', 'text': 'VP', 'probability': 0.2283, 'children': [{'name': 'גַם־נְבִיאִ֡ים', 'phrase': ['advb_subs']}, {'name': 'הֶעֱמַ֣דְתָּ', 'phrase': ['verb']}, {'name': 'לִ', 'phrase': ['prep']}, {'name': 'קְרֹא֩', 'phrase': ['verb']}]}, {'name': 'REVIA', 'text': 'P', 'children': [{'name': 'עָלֶ֨יךָ', 'phrase': ['prep']}]}]}]}, {'name': 'ZAKEF_KATON', 'text': 'NP', 'children': [{'name': 'YETIV', 'text': 'P', 'probability': 0.0061, 'children': [{'name': 'בִֽ', 'phrase': ['prep']}]}, {'name': 'ZAKEF_KATON', 'text': 'N', 'children': [{'name': 'ירוּשָׁלִַ֜ם', 'phrase': ['nmpr']}]}]}]}, {'name': 'ETNACHTA', 'text': 'S', 'children': [{'name': 'ZAKEF_KATON', 'text': 'VP', 'probability': 0.2654, 'children': [{'name': 'PASHTA', 'text': 'P', 'probability': 0.873, 'children': [{'name': 'לֵ', 'phrase': ['prep']}]}, {'name': 'ZAKEF_KATON', 'text': 'VP', 'children': [{'name': 'אמֹ֗ר', 'phrase': ['verb']}, {'name': 'מֶ֚לֶךְ', 'phrase': ['subs']}]}]}, {'name': 'ETNACHTA', 'text': 'NP', 'children': [{'name': 'בִּֽ', 'phrase': ['prep']}, {'name': 'יהוּדָ֔ה', 'phrase': ['nmpr']}]}]}]}, {'name': 'SILLUQ', 'text': 'VP', 'children': [{'name': 'ZAKEF_KATON', 'text': 'Adv', 'probability': 0.2173, 'children': [{'name': 'וְ', 'phrase': ['conj']}, {'name': 'עַתָּה֙', 'phrase': ['advb']}]}, {'name': 'SILLUQ', 'text': 'VP', 'children': [{'name': 'TIPCHA', 'text': 'V', 'probability': 0.5132, 'children': [{'name': 'יִשָּׁמַ֣ע', 'phrase': ['verb']}]}, {'name': 'SILLUQ', 'text': 'P', 'children': [{'name': 'לַ', 'phrase': ['prep']}]}]}]}]}"
"8","Nehemiah 6:8","{'name': 'PASUK', 'text': 'S', 'children': [{'name': 'ETNACHTA', 'text': 'S', 'probability': 1.0, 'children': [{'name': 'ZAKEF_KATON', 'text': 'VP', 'probability': 0.6728, 'children': [{'name': 'PASHTA', 'text': 'VP', 'probability': 0.3484, 'children': [{'name': 'וָ', 'phrase': ['conj']}, {'name': 'אֶשְׁלְחָ֤ה', 'phrase': ['verb']}]}, {'name': 'ZAKEF_KATON', 'text': 'P', 'children': [{'name': 'אֵלָיו֙', 'phrase': ['prep']}]}]}, {'name': 'ETNACHTA', 'text': 'S', 'children': [{'name': 'ZAKEF_KATON', 'text': 'S', 'probability': 0.9101, 'children': [{'name': 'PASHTA', 'text': 'VP', 'probability': 0.873, 'children': [{'name': 'לֵ', 'phrase': ['prep']}, {'name': 'אמֹ֔ר', 'phrase': ['verb']}]}, {'name': 'ZAKEF_KATON', 'text': 'VP', 'children': [{'name': 'לֹ֤א', 'phrase': ['nega']}, {'name': 'נִֽהְיָה֙', 'phrase': ['verb']}]}]}, {'name': 'ETNACHTA', 'text': 'S', 'children': [{'name': 'TIPCHA', 'text': 'P', 'probability': 0.7271, 'children': [{'name': 'כַּ', 'phrase': ['prep']}]}, {'name': 'ETNACHTA', 'text': 'NP', 'children': [{'name': '-', 'phrase': ['art']}, {'name': 'דְּבָרִ֣ים', 'phrase': ['subs']}]}]}]}]}, {'name': 'SILLUQ', 'text': 'NP', 'children': [{'name': 'TIPCHA', 'text': 'NP', 'probability': 0.7748, 'children': [{'name': 'הָ', 'phrase': ['art']}, {'name': 'אֵ֔לֶּה', 'phrase': ['prde']}]}, {'name': 'SILLUQ', 'text': 'NP', 'children': [{'name': 'אֲשֶׁ֖ר', 'phrase': ['conj']}, {'name': 'אַתָּ֣ה', 'phrase': ['prps']}]}]}]}"
"9","Nehemiah 6:9","{'name': 'PASUK', 'text': 'S', 'children': [{'name': 'ETNACHTA', 'text': 'S', 'probability': 1.0, 'children': [{'name': 'ZAKEF_KATON', 'text': 'S', 'probability': 0.9544, 'children': [{'name': 'REVIA', 'text': 'NP', 'probability': 0.74, 'children': [{'name': 'כִּ֣י', 'phrase': ['conj']}, {'name': 'כֻלָּ֗ם', 'phrase': ['subs']}]}, {'name': 'ZAKEF_KATON', 'text': 'VP', 'children': [{'name': 'PASHTA', 'text': 'VP', 'probability': 0.3484, 'children': [{'name': 'מְיָֽרְאִ֤ים', 'phrase': ['verb']}, {'name': 'אֹותָ֨נוּ֙', 'phrase': ['prep']}]}, {'name': 'ZAKEF_KATON', 'text': 'P', 'children': [{'name': 'לֵ', 'phrase': ['prep']}]}]}]}, {'name': 'ETNACHTA', 'text': 'S', 'children': [{'name': 'TIPCHA', 'text': 'VP', 'probability': 0.7271, 'children': [{'name': 'TEVIR', 'text': 'VP', 'probability': 0.1278, 'children': [{'name': 'אמֹ֔ר', 'phrase': ['verb']}, {'name': 'יִרְפּ֧וּ', 'phrase': ['verb']}]}, {'name': 'TIPCHA', 'text': 'N', 'children': [{'name': 'יְדֵיהֶ֛ם', 'phrase': ['subs']}]}]}, {'name': 'ETNACHTA', 'text': 'NP', 'children': [{'name': 'מִן־הַ', 'phrase': ['prep_art']}, {'name': 'מְּלָאכָ֖ה', 'phrase': ['subs']}]}]}]}, {'name': 'SILLUQ', 'text': 'VP', 'children': [{'name': 'TIPCHA', 'text': 'C', 'probability': 0.7748, 'children': [{'name': 'וְ', 'phrase': ['conj']}]}, {'name': 'SILLUQ', 'text': 'VP', 'children': [{'name': 'לֹ֣א', 'phrase': ['nega']}, {'name': 'תֵעָשֶׂ֑ה', 'phrase': ['verb']}]}]}]}"
"10","Nehemiah 6:10","{'name': 'PASUK', 'text': 'S', 'children': [{'name': 'ETNACHTA', 'text': 'S', 'probability': 1.0, 'children': [{'name': 'TIPCHA', 'text': 'VP', 'probability': 0.7271, 'children': [{'name': 'REVIA', 'text': 'C', 'probability': 0.9016, 'children': [{'name': 'וַ', 'phrase': ['conj']}]}, {'name': 'TIPCHA', 'text': 'VP', 'children': [{'name': 'TEVIR', 'text': 'VP', 'probability': 0.1278, 'children': [{'name': 'אֲנִי־בָ֗אתִי', 'phrase': ['prps_verb']}, {'name': 'בֵּ֣ית', 'phrase': ['subs']}, {'name': 'שְֽׁמַֽעְיָ֧ה', 'phrase': ['nmpr']}]}, {'name': 'TIPCHA', 'text': 'N', 'children': [{'name': 'בֶן־דְּלָיָ֛ה', 'phrase': ['subs_nmpr']}]}]}]}, {'name': 'ETNACHTA', 'text': 'NP', 'children': [{'name': 'בֶּן־מְהֵֽיטַבְאֵ֖ל', 'phrase': ['subs_nmpr']}, {'name': 'וְ', 'phrase': ['conj']}]}]}, {'name': 'SILLUQ', 'text': 'S', 'children': [{'name': 'ZAKEF_KATON', 'text': 'S', 'probability': 0.9424, 'children': [{'name': 'REVIA', 'text': 'NP', 'probability': 0.74, 'children': [{'name': 'PAZER', 'text': 'N', 'probability': 0.9569, 'children': [{'name': 'ה֣וּא', 'phrase': ['prps']}]}, {'name': 'REVIA', 'text': 'S', 'children': [{'name': 'GERESH', 'text': 'VP', 'probability': 0.3812, 'children': [{'name': 'עָצ֑וּר', 'phrase': ['verb']}, {'name': 'וַ', 'phrase': ['conj']}, {'name': 'יֹּ֡אמֶר', 'phrase': ['verb']}]}, {'name': 'REVIA', 'text': 'VP', 'children': [{'name': 'נִוָּעֵד֩', 'phrase': ['verb']}, {'name': 'אֶל־בֵּ֨ית', 'phrase': ['prep_subs']}]}]}]}, {'name': 'ZAKEF_KATON', 'text': 'S', 'children': [{'name': 'PASHTA', 'text': 'D', 'probability': 0.873, 'children': [{'name': 'הָ', 'phrase': ['art']}]}, {'name': 'ZAKEF_KATON', 'text': 'NP', 'children': [{'name': 'אֱלֹהִ֜ים', 'phrase': ['subs']}, {'name': 'אֶל־תֹּ֣וךְ', 'phrase': ['prep_subs']}]}]}]}, {'name': 'SILLUQ', 'text': 'S', 'children': [{'name': 'ZAKEF_KATON', 'text': 'S', 'probability': 0.9123, 'children': [{'name': 'YETIV', 'text': 'D', 'probability': 0.0761, 'children': [{'name': 'הַֽ', 'phrase': ['art']}]}, {'name': 'ZAKEF_KATON', 'text': 'NP', 'children': [{'name': 'הֵיכָ֗ל', 'phrase': ['subs']}, {'name': 'וְ', 'phrase': ['conj']}]}]}, {'name': 'SILLUQ', 'text': 'VP', 'children': [{'name': 'TIPCHA', 'text': 'V', 'probability': 0.7748, 'children': [{'name': 'נִסְגְּרָה֙', 'phrase': ['verb']}]}, {'name': 'SILLUQ', 'text': 'NP', 'children': [{'name': 'דַּלְתֹ֣ות', 'phrase': ['subs']}, {'name': 'הַ', 'phrase': ['art']}]}]}]}]}]}"
"11","Nehemiah 6:11","{'name': 'PASUK', 'text': 'S', 'children': [{'name': 'ETNACHTA', 'text': 'S', 'probability': 1.0, 'children': [{'name': 'ZAKEF_KATON', 'text': 'VP', 'probability': 0.9544, 'children': [{'name': 'REVIA', 'text': 'C', 'probability': 0.74, 'children': [{'name': 'וָ', 'phrase': ['conj']}]}, {'name': 'ZAKEF_KATON', 'text': 'VP', 'children': [{'name': 'PASHTA', 'text': 'VP', 'probability': 0.3484, 'children': [{'name': 'אֹמְרָ֗ה', 'phrase': ['verb']}, {'name': 'הַ', 'phrase': ['inrg']}]}, {'name': 'ZAKEF_KATON', 'text': 'N', 'children': [{'name': 'אִ֤ישׁ', 'phrase': ['subs']}]}]}]}, {'name': 'ETNACHTA', 'text': 'S', 'children': [{'name': 'TIPCHA', 'text': 'S', 'probability': 0.5355, 'children': [{'name': 'TEVIR', 'text': 'VP', 'probability': 0.9467, 'children': [{'name': 'כָּמֹ֨ונִי֙', 'phrase': ['prep']}, {'name': 'יִבְרָ֔ח', 'phrase': ['verb']}]}, {'name': 'TIPCHA', 'text': 'NP', 'children': [{'name': 'וּ', 'phrase': ['conj']}, {'name': 'מִ֥י', 'phrase': ['prin']}]}]}, {'name': 'ETNACHTA', 'text': 'P', 'children': [{'name': 'כָמֹ֛ונִי', 'phrase': ['prep']}]}]}]}, {'name': 'SILLUQ', 'text': 'VP', 'children': [{'name': 'TIPCHA', 'text': 'V', 'probability': 0.5132, 'children': [{'name': 'אֲשֶׁר־יָבֹ֥וא', 'phrase': ['conj_verb']}]}, {'name': 'SILLUQ', 'text': 'P', 'children': [{'name': 'אֶל־הַ', 'phrase': ['prep_art']}]}]}]}"
"12","Nehemiah 6:12","{'name': 'PASUK', 'text': 'S', 'children': [{'name': 'ETNACHTA', 'text': 'VP', 'probability': 1.0, 'children': [{'name': 'ZAKEF_GADOL', 'text': 'C', 'probability': 0.0899, 'children': [{'name': 'וָ', 'phrase': ['conj']}]}, {'name': 'ETNACHTA', 'text': 'VP', 'children': [{'name': 'TIPCHA', 'text': 'VP', 'probability': 0.5355, 'children': [{'name': 'אַכִּ֕ירָה', 'phrase': ['verb']}, {'name': 'וְ', 'phrase': ['conj']}]}, {'name': 'ETNACHTA', 'text': 'Intj', 'children': [{'name': 'הִנֵּ֥ה', 'phrase': ['intj']}]}]}]}, {'name': 'SILLUQ', 'text': 'S', 'children': [{'name': 'ZAKEF_KATON', 'text': 'VP', 'probability': 0.9123, 'children': [{'name': 'PASHTA', 'text': 'VP', 'probability': 0.873, 'children': [{'name': 'לֹֽא־אֱלֹהִ֖ים', 'phrase': ['nega_subs']}, {'name': 'שְׁלָחֹ֑ו', 'phrase': ['verb']}]}, {'name': 'ZAKEF_KATON', 'text': 'D', 'children': [{'name': 'כִּ֤י', 'phrase': ['conj']}, {'name': 'הַ', 'phrase': ['art']}]}]}, {'name': 'SILLUQ', 'text': 'VP', 'children': [{'name': 'TIPCHA', 'text': 'VP', 'probability': 0.5132, 'children': [{'name': 'נְּבוּאָה֙', 'phrase': ['subs']}, {'name': 'דִּבֶּ֣ר', 'phrase': ['verb']}]}, {'name': 'SILLUQ', 'text': 'P', 'children': [{'name': 'עָלַ֔י', 'phrase': ['prep']}]}]}]}]}"
"13","Nehemiah 6:13","{'name': 'PASUK', 'text': 'S', 'children': [{'name': 'ETNACHTA', 'text': 'S', 'probability': 1.0, 'children': [{'name': 'ZAKEF_KATON', 'text': 'VP', 'probability': 0.9101, 'children': [{'name': 'PASHTA', 'text': 'VP', 'probability': 0.3484, 'children': [{'name': 'לְמַ֤עַן', 'phrase': ['prep']}, {'name': 'שָׂכוּר֙', 'phrase': ['verb']}]}, {'name': 'ZAKEF_KATON', 'text': 'N', 'children': [{'name': 'ה֔וּא', 'phrase': ['prps']}]}]}, {'name': 'ETNACHTA', 'text': 'VP', 'children': [{'name': 'TIPCHA', 'text': 'VP', 'probability': 0.5355, 'children': [{'name': 'לְמַֽעַן־אִירָ֥א', 'phrase': ['prep_verb']}, {'name': 'וְ', 'phrase': ['conj']}]}, {'name': 'ETNACHTA', 'text': 'V', 'children': [{'name': 'אֶֽעֱשֶׂה־כֵּ֖ן', 'phrase': ['verb_advb']}]}]}]}, {'name': 'SILLUQ', 'text': 'S', 'children': [{'name': 'ZAKEF_KATON', 'text': 'S', 'probability': 0.2173, 'children': [{'name': 'PASHTA', 'text': 'VP', 'probability': 0.873, 'children': [{'name': 'וְ', 'phrase': ['conj']}, {'name': 'חָטָ֑אתִי', 'phrase': ['verb']}]}, {'name': 'ZAKEF_KATON', 'text': 'VP', 'children': [{'name': 'וְ', 'phrase': ['conj']}, {'name': 'הָיָ֤ה', 'phrase': ['verb']}]}]}, {'name': 'SILLUQ', 'text': 'S', 'children': [{'name': 'TIPCHA', 'text': 'P', 'probability': 0.5132, 'children': [{'name': 'לָהֶם֙', 'phrase': ['prep']}]}, {'name': 'SILLUQ', 'text': 'P', 'children': [{'name': 'לְ', 'phrase': ['prep']}]}]}]}]}"
"14","Nehemiah 6:14","{'name': 'PASUK', 'text': 'S', 'children': [{'name': 'ETNACHTA', 'text': 'S', 'probability': 1.0, 'children': [{'name': 'TIPCHA', 'text': 'S', 'probability': 0.7271, 'children': [{'name': 'TEVIR', 'text': 'VP', 'probability': 0.9467, 'children': [{'name': 'זָכְרָ֧ה', 'phrase': ['verb']}, {'name': 'אֱלֹהַ֛י', 'phrase': ['subs']}]}, {'name': 'TIPCHA', 'text': 'NP', 'children': [{'name': 'לְ', 'phrase': ['prep']}, {'name': 'טֹובִיָּ֥ה', 'phrase': ['nmpr']}]}]}, {'name': 'ETNACHTA', 'text': 'P', 'children': [{'name': 'וּ', 'phrase': ['conj']}, {'name': 'לְ', 'phrase': ['prep']}]}]}, {'name': 'SILLUQ', 'text': 'S', 'children': [{'name': 'ZAKEF_KATON', 'text': 'NP', 'probability': 0.9193, 'children': [{'name': 'PASHTA', 'text': 'NP', 'probability': 0.873, 'children': [{'name': 'סַנְבַלַּ֖ט', 'phrase': ['nmpr']}, {'name': 'כְּ', 'phrase': ['prep']}, {'name': 'מַעֲשָׂ֣יו', 'phrase': ['subs']}]}, {'name': 'ZAKEF_KATON', 'text': 'NP', 'children': [{'name': 'אֵ֑לֶּה', 'phrase': ['prde']}, {'name': 'וְ', 'phrase': ['conj']}]}]}, {'name': 'SILLUQ', 'text': 'S', 'children': [{'name': 'TIPCHA', 'text': 'S', 'probability': 0.7748, 'children': [{'name': 'גַ֨ם', 'phrase': ['advb']}, {'name': 'לְ', 'phrase': ['prep']}]}, {'name': 'SILLUQ', 'text': 'NP', 'children': [{'name': 'נֹועַדְיָ֤ה', 'phrase': ['nmpr']}, {'name': 'הַ', 'phrase': ['art']}]}]}]}]}"
"15","Nehemiah 6:15","{'name': 'PASUK', 'text': 'S', 'children': [{'name': 'ETNACHTA', 'text': 'S', 'probability': 1.0, 'children': [{'name': 'ZAKEF_KATON', 'text': 'VP', 'probability': 0.9101, 'children': [{'name': 'PASHTA', 'text': 'C', 'probability': 0.3484, 'children': [{'name': 'וַ', 'phrase': ['conj']}]}, {'name': 'ZAKEF_KATON', 'text': 'V', 'children': [{'name': 'תִּשְׁלַם֙', 'phrase': ['verb']}]}]}, {'name': 'ETNACHTA', 'text': 'S', 'children': [{'name': 'TIPCHA', 'text': 'NP', 'probability': 0.5355, 'children': [{'name': 'הַֽ', 'phrase': ['art']}, {'name': 'חֹומָ֔ה', 'phrase': ['subs']}]}, {'name': 'ETNACHTA', 'text': 'P', 'children': [{'name': 'בְּ', 'phrase': ['prep']}]}]}]}, {'name': 'SILLUQ', 'text': 'NP', 'children': [{'name': 'TIPCHA', 'text': 'NP', 'probability': 0.5132, 'children': [{'name': 'עֶשְׂרִ֥ים', 'phrase': ['subs']}, {'name': 'וַ', 'phrase': ['conj']}]}, {'name': 'SILLUQ', 'text': 'N', 'children': [{'name': 'חֲמִשָּׁ֖ה', 'phrase': ['subs']}]}]}]}"
"16","Nehemiah 6:16","{'name': 'PASUK', 'text': 'S', 'children': [{'name': 'ETNACHTA', 'text': 'S', 'probability': 1.0, 'children': [{'name': 'ZAKEF_KATON', 'text': 'S', 'probability': 0.6728, 'children': [{'name': 'REVIA', 'text': 'C', 'probability': 0.851, 'children': [{'name': 'וַ', 'phrase': ['conj']}]}, {'name': 'ZAKEF_KATON', 'text': 'S', 'children': [{'name': 'PASHTA', 'text': 'VP', 'probability': 0.873, 'children': [{'name': 'יְהִ֗י', 'phrase': ['verb']}, {'name': 'כַּ', 'phrase': ['prep']}]}, {'name': 'ZAKEF_KATON', 'text': 'VP', 'children': [{'name': 'אֲשֶׁ֤ר', 'phrase': ['conj']}, {'name': 'שָֽׁמְעוּ֙', 'phrase': ['verb']}]}]}]}, {'name': 'ETNACHTA', 'text': 'S', 'children': [{'name': 'ZAKEF_KATON', 'text': 'S', 'probability': 0.9101, 'children': [{'name': 'REVIA', 'text': 'VP', 'probability': 0.74, 'children': [{'name': 'כָּל־אֹ֣ויְבֵ֔ינוּ', 'phrase': ['subs_verb']}]}, {'name': 'ZAKEF_KATON', 'text': 'VP', 'children': [{'name': 'PASHTA', 'text': 'C', 'probability': 0.873, 'children': [{'name': 'וַ', 'phrase': ['conj']}]}, {'name': 'ZAKEF_KATON', 'text': 'VP', 'children': [{'name': 'יִּֽרְא֗וּ', 'phrase': ['verb']}, {'name': 'כָּל־הַ', 'phrase': ['subs_art']}]}]}]}, {'name': 'ETNACHTA', 'text': 'NP', 'children': [{'name': 'TIPCHA', 'text': 'NP', 'probability': 0.5355, 'children': [{'name': 'גֹּויִם֙', 'phrase': ['subs']}, {'name': 'אֲשֶׁ֣ר', 'phrase': ['conj']}]}, {'name': 'ETNACHTA', 'text': 'N', 'children': [{'name': 'סְבִֽיבֹתֵ֔ינוּ', 'phrase': ['subs']}]}]}]}]}, {'name': 'SILLUQ', 'text': 'S', 'children': [{'name': 'ZAKEF_KATON', 'text': 'VP', 'probability': 0.9424, 'children': [{'name': 'וַ', 'phrase': ['conj']}, {'name': 'יִּפְּל֥וּ', 'phrase': ['verb']}]}, {'name': 'SILLUQ', 'text': 'S', 'children': [{'name': 'ZAKEF_KATON', 'text': 'NP', 'probability': 0.9123, 'children': [{'name': 'YETIV', 'text': 'N', 'probability': 0.0761, 'children': [{'name': 'מְאֹ֖ד', 'phrase': ['subs']}]}, {'name': 'ZAKEF_KATON', 'text': 'NP', 'children': [{'name': 'בְּ', 'phrase': ['prep']}, {'name': 'עֵינֵיהֶ֑ם', 'phrase': ['subs']}]}]}, {'name': 'SILLUQ', 'text': 'VP', 'children': [{'name': 'TIPCHA', 'text': 'C', 'probability': 0.7748, 'children': [{'name': 'וַ', 'phrase': ['conj']}]}, {'name': 'SILLUQ', 'text': 'VP', 'children': [{'name': 'יֵּ֣דְע֔וּ', 'phrase': ['verb']}, {'name': 'כִּ֚י', 'phrase': ['conj']}]}]}]}]}]}"
"17","Nehemiah 6:17","{'name': 'PASUK', 'text': 'S', 'children': [{'name': 'ETNACHTA', 'text': 'S', 'probability': 1.0, 'children': [{'name': 'ZAKEF_KATON', 'text': 'S', 'probability': 0.2654, 'children': [{'name': 'REVIA', 'text': 'S', 'probability': 0.8662, 'children': [{'name': 'גַּ֣ם', 'phrase': ['advb']}, {'name': 'בַּ', 'phrase': ['prep']}, {'name': '-', 'phrase': ['art']}]}, {'name': 'ZAKEF_KATON', 'text': 'S', 'children': [{'name': 'PASHTA', 'text': 'NP', 'probability': 0.873, 'children': [{'name': 'GERSHAYIM', 'text': 'N', 'probability': 0.1786, 'children': [{'name': 'יָּמִ֣ים', 'phrase': ['subs']}]}, {'name': 'PASHTA', 'text': 'NP', 'children': [{'name': 'הָ', 'phrase': ['art']}, {'name': 'הֵ֗ם', 'phrase': ['prps']}]}]}, {'name': 'ZAKEF_KATON', 'text': 'VP', 'children': [{'name': 'מַרְבִּ֞ים', 'phrase': ['verb']}, {'name': 'חֹרֵ֤י', 'phrase': ['subs']}]}]}]}, {'name': 'ETNACHTA', 'text': 'NP', 'children': [{'name': 'TIPCHA', 'text': 'N', 'probability': 0.5355, 'children': [{'name': 'יְהוּדָה֙', 'phrase': ['nmpr']}]}, {'name': 'ETNACHTA', 'text': 'N', 'children': [{'name': 'אִגְּרֹ֣תֵיהֶ֔ם', 'phrase': ['subs']}]}]}]}, {'name': 'SILLUQ', 'text': 'VP', 'children': [{'name': 'TIPCHA', 'text': 'VP', 'probability': 0.7748, 'children': [{'name': 'הֹולְכֹ֖ות', 'phrase': ['verb']}, {'name': 'עַל־טֹובִיָּ֑ה', 'phrase': ['prep_nmpr']}]}, {'name': 'SILLUQ', 'text': 'C', 'children': [{'name': 'וַ', 'phrase': ['conj']}, {'name': 'אֲשֶׁ֥ר', 'phrase': ['conj']}]}]}]}"
"18","Nehemiah 6:18","{'name': 'PASUK', 'text': 'S', 'children': [{'name': 'ETNACHTA', 'text': 'NP', 'probability': 1.0, 'children': [{'name': 'ZAKEF_KATON', 'text': 'NP', 'probability': 0.9407, 'children': [{'name': 'REVIA', 'text': 'NP', 'probability': 0.74, 'children': [{'name': 'כִּי־רַבִּ֣ים', 'phrase': ['conj_adjv']}, {'name': 'בִּֽ', 'phrase': ['prep']}]}, {'name': 'ZAKEF_KATON', 'text': 'NP', 'children': [{'name': 'PASHTA', 'text': 'NP', 'probability': 0.3484, 'children': [{'name': 'יהוּדָ֗ה', 'phrase': ['nmpr']}, {'name': 'בַּעֲלֵ֤י', 'phrase': ['subs']}]}, {'name': 'ZAKEF_KATON', 'text': 'N', 'children': [{'name': 'שְׁבוּעָה֙', 'phrase': ['subs']}]}]}]}, {'name': 'ETNACHTA', 'text': 'NP', 'children': [{'name': 'TIPCHA', 'text': 'NP', 'probability': 0.7271, 'children': [{'name': 'לֹ֔ו', 'phrase': ['prep']}, {'name': 'כִּי־חָתָ֥ן', 'phrase': ['conj_subs']}]}, {'name': 'ETNACHTA', 'text': 'NP', 'children': [{'name': 'ה֖וּא', 'phrase': ['prps']}, {'name': 'לִ', 'phrase': ['prep']}]}]}]}, {'name': 'SILLUQ', 'text': 'S', 'children': [{'name': 'ZAKEF_KATON', 'text': 'NP', 'probability': 0.9193, 'children': [{'name': 'שְׁכַנְיָ֣ה', 'phrase': ['nmpr']}, {'name': 'בֶן־אָרַ֑ח', 'phrase': ['subs_nmpr']}]}, {'name': 'SILLUQ', 'text': 'VP', 'children': [{'name': 'ZAKEF_GADOL', 'text': 'C', 'probability': 0.0855, 'children': [{'name': 'וִֽ', 'phrase': ['conj']}]}, {'name': 'SILLUQ', 'text': 'VP', 'children': [{'name': 'TIPCHA', 'text': 'N', 'probability': 0.7748, 'children': [{'name': 'יהֹוחָנָ֣ן', 'phrase': ['nmpr']}]}, {'name': 'SILLUQ', 'text': 'VP', 'children': [{'name': 'בְּנֹ֔ו', 'phrase': ['subs']}, {'name': 'לָקַ֕ח', 'phrase': ['verb']}]}]}]}]}]}"
"19","Nehemiah 6:19","{'name': 'PASUK', 'text': 'S', 'children': [{'name': 'ETNACHTA', 'text': 'S', 'probability': 1.0, 'children': [{'name': 'ZAKEF_KATON', 'text': 'S', 'probability': 0.9407, 'children': [{'name': 'REVIA', 'text': 'NP', 'probability': 0.74, 'children': [{'name': 'גַּ֣ם', 'phrase': ['advb']}, {'name': 'טֹובֹתָ֗יו', 'phrase': ['subs']}]}, {'name': 'ZAKEF_KATON', 'text': 'VP', 'children': [{'name': 'PASHTA', 'text': 'VP', 'probability': 0.3484, 'children': [{'name': 'הָי֤וּ', 'phrase': ['verb']}, {'name': 'אֹמְרִים֙', 'phrase': ['verb']}]}, {'name': 'ZAKEF_KATON', 'text': 'P', 'children': [{'name': 'לְ', 'phrase': ['prep']}]}]}]}, {'name': 'ETNACHTA', 'text': 'VP', 'children': [{'name': 'ZAKEF_GADOL', 'text': 'N', 'probability': 0.0899, 'children': [{'name': 'פָנַ֔י', 'phrase': ['subs']}]}, {'name': 'ETNACHTA', 'text': 'VP', 'children': [{'name': 'TIPCHA', 'text': 'NP', 'probability': 0.5355, 'children': [{'name': 'וּ', 'phrase': ['conj']}, {'name': 'דְבָרַ֕י', 'phrase': ['subs']}]}, {'name': 'ETNACHTA', 'text': 'V', 'children': [{'name': 'הָי֥וּ', 'phrase': ['verb']}]}]}]}]}, {'name': 'SILLUQ', 'text': 'VP', 'children': [{'name': 'TIPCHA', 'text': 'VP', 'probability': 0.5132, 'children': [{'name': 'TEVIR', 'text': 'V', 'probability': 0.9467, 'children': [{'name': 'מֹוצִיאִ֖ים', 'phrase': ['verb']}]}, {'name': 'TIPCHA', 'text': 'NP', 'children': [{'name': 'לֹ֑ו', 'phrase': ['prep']}, {'name': 'אִגְּרֹ֛ות', 'phrase': ['subs']}]}]}, {'name': 'SILLUQ', 'text': 'V', 'children': [{'name': 'שָׁלַ֥ח', 'phrase': ['verb']}]}]}]}"
